2905 3538
-1 0 
0 1 
1 2 
2 3 
3 4 
4 5 3
4 6 4
4 7 5
4 8 6
3 9 
9 10 7
9 11 8
9 12 9
3 13 
13 14 10
3 15 
15 16 11
15 17 12
15 18 13
15 19 14
15 20 15
15 21 16
2 22 
22 23 
23 24 17
23 25 18
23 26 19
23 27 20
23 28 21
23 29 22
23 30 23
23 31 24
23 32 25
23 33 26
23 34 27
23 35 28
23 36 29
23 37 30
23 38 31
23 39 32
23 40 33
23 41 34
23 42 35
23 43 36
23 44 37
1 45 
45 46 
46 47 
47 48 38
47 49 39
47 50 40
47 51 41
46 52 
52 53 42
52 54 43
52 55 44
52 56 45
52 57 46
46 58 
58 59 47
58 60 48
58 61 49
58 62 50
46 63 
63 64 51
63 65 52
63 66 53
63 67 54
63 68 55
45 69 
69 70 
70 71 56
70 72 57
70 73 58
70 74 59
70 75 60
70 76 61
70 77 62
70 78 63
69 79 
79 80 64
79 81 65
79 82 66
69 83 
83 84 67
83 85 68
83 86 69
1 87 
87 88 
88 89 
89 90 70
89 91 71
89 92 72
89 93 73
89 94 74
89 95 75
88 96 
96 97 76
96 98 77
96 99 78
87 100 
100 101 
101 102 79
101 103 80
101 104 81
101 105 82
101 106 83
100 107 
107 108 84
107 109 85
107 110 86
107 111 87
100 112 
112 113 88
112 114 89
112 115 90
100 116 
116 117 91
116 118 92
116 119 93
116 120 94
116 121 95
116 122 96
116 123 97
116 124 98
116 125 99
116 126 100
116 127 101
116 128 102
116 129 103
87 130 
130 131 
131 132 104
131 133 105
131 134 106
131 135 107
131 136 108
131 137 109
131 138 110
131 139 111
87 140 
140 141 
141 142 112
141 143 113
141 144 114
141 145 115
141 146 116
141 147 117
141 148 118
140 149 
149 150 119
149 151 120
149 152 121
149 153 122
149 154 123
149 155 124
149 156 125
140 157 
157 158 126
157 159 127
140 160 
160 161 128
160 162 129
160 163 130
160 164 131
140 165 
165 166 132
165 167 133
165 168 134
165 169 135
140 170 
170 171 136
170 172 137
170 173 138
170 174 139
170 175 140
140 176 
176 177 141
176 178 142
176 179 143
176 180 144
176 181 145
176 182 146
176 183 147
176 184 148
176 185 149
176 186 150
176 187 151
176 188 152
176 189 153
176 190 154
176 191 155
176 192 156
176 193 157
1 194 
194 195 
195 196 
196 197 158
196 198 159
196 199 160
196 200 161
196 201 162
195 202 
202 203 163
202 204 164
202 205 165
202 206 166
194 207 
207 208 
208 209 167
208 210 168
208 211 169
208 212 170
208 213 171
208 214 172
208 215 173
194 216 
216 217 
217 218 174
217 219 175
217 220 176
217 221 177
217 222 178
217 223 179
217 224 180
217 225 181
217 226 182
217 227 183
217 228 184
217 229 185
217 230 186
217 231 187
217 232 188
217 233 189
217 234 190
216 235 
235 236 191
235 237 192
235 238 193
235 239 194
235 240 195
235 241 196
235 242 197
235 243 198
235 244 199
235 245 200
235 246 201
235 247 202
235 248 203
235 249 204
0 250 
250 251 
251 252 
252 253 
253 254 205
253 255 206
253 256 207
253 257 208
253 258 209
252 259 
259 260 210
259 261 211
259 262 212
259 263 213
259 264 214
252 265 
265 266 215
265 267 216
265 268 217
265 269 218
265 270 219
252 271 
271 272 220
271 273 221
271 274 222
271 275 223
271 276 224
271 277 225
271 278 226
271 279 227
251 280 
280 281 
281 282 228
281 283 229
281 284 230
281 285 231
281 286 232
251 287 
287 288 
288 289 233
288 290 234
288 291 235
288 292 236
288 293 237
288 294 238
288 295 239
288 296 240
288 297 241
288 298 242
288 299 243
287 300 
300 301 244
300 302 245
300 303 246
300 304 247
300 305 248
300 306 249
300 307 250
300 308 251
300 309 252
300 310 253
287 311 
311 312 254
311 313 255
311 314 256
311 315 257
251 316 
316 317 
317 318 258
317 319 259
317 320 260
317 321 261
317 322 262
317 323 263
317 324 264
317 325 265
317 326 266
317 327 267
317 328 268
316 329 
329 330 269
329 331 270
329 332 271
329 333 272
329 334 273
329 335 274
329 336 275
329 337 276
329 338 277
329 339 278
329 340 279
316 341 
341 342 280
341 343 281
341 344 282
341 345 283
341 346 284
341 347 285
341 348 286
341 349 287
316 350 
350 351 288
350 352 289
350 353 290
350 354 291
350 355 292
350 356 293
350 357 294
350 358 295
350 359 296
350 360 297
350 361 298
350 362 299
350 363 300
350 364 301
316 365 
365 366 302
365 367 303
365 368 304
365 369 305
365 370 306
365 371 307
365 372 308
365 373 309
316 374 
374 375 310
374 376 311
374 377 312
374 378 313
374 379 314
374 380 315
374 381 316
374 382 317
374 383 318
374 384 319
316 385 
385 386 320
385 387 321
385 388 322
385 389 323
385 390 324
385 391 325
385 392 326
385 393 327
385 394 328
385 395 329
385 396 330
385 397 331
385 398 332
385 399 333
385 400 334
385 401 335
385 402 336
385 403 337
385 404 338
385 405 339
385 406 340
385 407 341
385 408 342
385 409 343
385 410 344
385 411 345
385 412 346
385 413 347
385 414 348
385 415 349
385 416 350
385 417 351
385 418 352
385 419 353
385 420 354
385 421 355
251 422 
422 423 
423 424 356
423 425 357
423 426 358
423 427 359
423 428 360
423 429 361
423 430 362
422 431 
431 432 363
431 433 364
431 434 365
431 435 366
431 436 367
431 437 368
422 438 
438 439 369
438 440 370
438 441 371
438 442 372
251 443 
443 444 
444 445 373
444 446 374
444 447 375
443 448 
448 449 376
448 450 377
448 451 378
443 452 
452 453 379
452 454 380
452 455 381
452 456 382
452 457 383
452 458 384
452 459 385
443 460 
460 461 386
460 462 387
460 463 388
460 464 389
443 465 
465 466 390
465 467 391
465 468 392
465 469 393
465 470 394
465 471 395
465 472 396
465 473 397
465 474 398
443 475 
475 476 399
475 477 400
475 478 401
475 479 402
475 480 403
475 481 404
475 482 405
250 483 
483 484 
484 485 
485 486 406
485 487 407
484 488 
488 489 408
488 490 409
488 491 410
488 492 411
488 493 412
488 494 413
488 495 414
488 496 415
488 497 416
488 498 417
488 499 418
488 500 419
488 501 420
488 502 421
488 503 422
488 504 423
488 505 424
488 506 425
488 507 426
488 508 427
488 509 428
488 510 429
488 511 430
488 512 431
488 513 432
488 514 433
488 515 434
488 516 435
488 517 436
488 518 437
488 519 438
488 520 439
488 521 440
488 522 441
488 523 442
488 524 443
488 525 444
488 526 445
488 527 446
488 528 447
488 529 448
488 530 449
488 531 450
488 532 451
488 533 452
488 534 453
488 535 454
488 536 455
488 537 456
488 538 457
488 539 458
488 540 459
488 541 460
488 542 461
488 543 462
488 544 463
488 545 464
488 546 465
488 547 466
488 548 467
488 549 468
488 550 469
488 551 470
488 552 471
488 553 472
488 554 473
488 555 474
488 556 475
488 557 476
488 558 477
488 559 478
488 560 479
488 561 480
488 562 481
488 563 482
488 564 483
488 565 484
488 566 485
488 567 486
483 568 
568 569 
569 570 487
568 571 
571 572 488
571 573 489
571 574 490
571 575 491
571 576 492
571 577 493
571 578 494
571 579 495
571 580 496
571 581 497
571 582 498
571 583 499
571 584 500
571 585 501
571 586 502
571 587 503
571 588 504
571 589 505
571 590 506
571 591 507
571 592 508
571 593 509
571 594 510
483 595 
595 596 
596 597 511
595 598 
598 599 512
598 600 513
598 601 514
598 602 515
598 603 516
598 604 517
598 605 518
598 606 519
598 607 520
483 608 
608 609 
609 610 521
483 611 
611 612 
612 613 522
611 614 
614 615 523
614 616 524
614 617 525
614 618 526
614 619 527
614 620 528
614 621 529
614 622 530
614 623 531
614 624 532
614 625 533
614 626 534
614 627 535
614 628 536
614 629 537
614 630 538
614 631 539
614 632 540
483 633 
633 634 
634 635 541
634 636 542
633 637 
637 638 543
637 639 544
637 640 545
637 641 546
637 642 547
637 643 548
637 644 549
637 645 550
637 646 551
637 647 552
483 648 
648 649 
649 650 553
648 651 
651 652 554
651 653 555
651 654 556
651 655 557
651 656 558
651 657 559
651 658 560
651 659 561
651 660 562
651 661 563
651 662 564
651 663 565
651 664 566
651 665 567
651 666 568
483 667 
667 668 
668 669 569
667 670 
670 671 570
670 672 571
670 673 572
670 674 573
670 675 574
670 676 575
670 677 576
670 678 577
670 679 578
670 680 579
670 681 580
670 682 581
670 683 582
483 684 
684 685 
685 686 583
685 687 584
685 688 585
685 689 586
685 690 587
685 691 588
685 692 589
684 693 
693 694 590
693 695 591
684 696 
696 697 592
696 698 593
696 699 594
684 700 
700 701 595
700 702 596
700 703 597
700 704 598
700 705 599
684 706 
706 707 600
684 708 
708 709 601
708 710 602
708 711 603
708 712 604
708 713 605
708 714 606
708 715 607
708 716 608
708 717 609
708 718 610
708 719 611
708 720 612
708 721 613
708 722 614
708 723 615
250 724 
724 725 
725 726 
726 727 616
726 728 617
726 729 618
726 730 619
726 731 620
726 732 621
726 733 622
726 734 623
726 735 624
724 736 
736 737 
737 738 625
737 739 626
737 740 627
737 741 628
724 742 
742 743 
743 744 629
743 745 630
724 746 
746 747 
747 748 631
747 749 632
747 750 633
746 751 
751 752 634
751 753 635
751 754 636
724 755 
755 756 
756 757 637
756 758 638
756 759 639
756 760 640
756 761 641
756 762 642
756 763 643
756 764 644
755 765 
765 766 645
765 767 646
765 768 647
765 769 648
765 770 649
765 771 650
755 772 
772 773 651
755 774 
774 775 652
755 776 
776 777 653
776 778 654
776 779 655
776 780 656
755 781 
781 782 657
781 783 658
755 784 
784 785 659
784 786 660
784 787 661
784 788 662
784 789 663
784 790 664
784 791 665
784 792 666
784 793 667
784 794 668
784 795 669
784 796 670
784 797 671
784 798 672
784 799 673
784 800 674
784 801 675
784 802 676
784 803 677
784 804 678
784 805 679
784 806 680
784 807 681
250 808 
808 809 
809 810 
810 811 682
810 812 683
810 813 684
810 814 685
810 815 686
810 816 687
810 817 688
810 818 689
809 819 
819 820 690
819 821 691
819 822 692
819 823 693
819 824 694
819 825 695
819 826 696
819 827 697
809 828 
828 829 698
828 830 699
828 831 700
828 832 701
828 833 702
828 834 703
828 835 704
828 836 705
828 837 706
828 838 707
828 839 708
828 840 709
808 841 
841 842 
842 843 710
842 844 711
842 845 712
842 846 713
842 847 714
842 848 715
842 849 716
842 850 717
842 851 718
842 852 719
842 853 720
842 854 721
842 855 722
842 856 723
842 857 724
842 858 725
842 859 726
841 860 
860 861 727
860 862 728
860 863 729
860 864 730
860 865 731
860 866 732
860 867 733
860 868 734
860 869 735
860 870 736
860 871 737
860 872 738
860 873 739
860 874 740
860 875 741
860 876 742
860 877 743
860 878 744
860 879 745
860 880 746
860 881 747
860 882 748
860 883 749
860 884 750
860 885 751
860 886 752
860 887 753
860 888 754
860 889 755
860 890 756
860 891 757
860 892 758
841 893 
893 894 759
893 895 760
893 896 761
893 897 762
893 898 763
893 899 764
893 900 765
893 901 766
893 902 767
893 903 768
893 904 769
893 905 770
893 906 771
841 907 
907 908 772
907 909 773
907 910 774
907 911 775
808 912 
912 913 
913 914 776
913 915 777
913 916 778
913 917 779
913 918 780
913 919 781
913 920 782
913 921 783
913 922 784
913 923 785
913 924 786
912 925 
925 926 787
925 927 788
925 928 789
925 929 790
912 930 
930 931 791
930 932 792
930 933 793
930 934 794
930 935 795
930 936 796
930 937 797
930 938 798
930 939 799
912 940 
940 941 800
940 942 801
940 943 802
808 944 
944 945 
945 946 803
945 947 804
945 948 805
945 949 806
250 950 
950 951 
951 952 
952 953 807
952 954 808
952 955 809
952 956 810
952 957 811
952 958 812
951 959 
959 960 813
959 961 814
959 962 815
959 963 816
951 964 
964 965 817
964 966 818
964 967 819
964 968 820
951 969 
969 970 821
969 971 822
969 972 823
969 973 824
969 974 825
951 975 
975 976 826
975 977 827
975 978 828
975 979 829
975 980 830
975 981 831
975 982 832
975 983 833
975 984 834
975 985 835
975 986 836
975 987 837
950 988 
988 989 
989 990 838
989 991 839
989 992 840
989 993 841
988 994 
994 995 842
994 996 843
994 997 844
988 998 
998 999 845
998 1000 846
998 1001 847
988 1002 
1002 1003 848
1002 1004 849
1002 1005 850
1002 1006 851
1002 1007 852
250 1008 
1008 1009 
1009 1010 
1010 1011 853
1010 1012 854
1010 1013 855
1009 1014 
1014 1015 856
1009 1016 
1016 1017 857
1016 1018 858
1016 1019 859
1016 1020 860
1016 1021 861
1016 1022 862
1016 1023 863
1016 1024 864
1016 1025 865
1016 1026 866
1016 1027 867
1016 1028 868
1008 1029 
1029 1030 
1030 1031 869
1030 1032 870
1029 1033 
1033 1034 871
1033 1035 872
1033 1036 873
1033 1037 874
1033 1038 875
1033 1039 876
1033 1040 877
1033 1041 878
1033 1042 879
1008 1043 
1043 1044 
1044 1045 880
1044 1046 881
1044 1047 882
1043 1048 
1048 1049 883
1048 1050 884
1048 1051 885
1048 1052 886
1048 1053 887
1048 1054 888
1048 1055 889
1048 1056 890
1043 1057 
1057 1058 891
1057 1059 892
1057 1060 893
1057 1061 894
1057 1062 895
1057 1063 896
1057 1064 897
1043 1065 
1065 1066 898
1065 1067 899
1065 1068 900
1065 1069 901
1065 1070 902
1065 1071 903
1065 1072 904
1065 1073 905
1065 1074 906
1065 1075 907
1043 1076 
1076 1077 908
1076 1078 909
1076 1079 910
1076 1080 911
1076 1081 912
1076 1082 913
1076 1083 914
1076 1084 915
1076 1085 916
1076 1086 917
1076 1087 918
1076 1088 919
1043 1089 
1089 1090 920
1089 1091 921
1089 1092 922
1089 1093 923
1089 1094 924
1089 1095 925
1089 1096 926
1008 1097 
1097 1098 
1098 1099 927
1098 1100 928
1098 1101 929
1098 1102 930
1098 1103 931
1098 1104 932
1097 1105 
1105 1106 933
1105 1107 934
1105 1108 935
1105 1109 936
1105 1110 937
1105 1111 938
1105 1112 939
1105 1113 940
1105 1114 941
1097 1115 
1115 1116 942
1115 1117 943
1115 1118 944
1115 1119 945
1115 1120 946
1115 1121 947
1115 1122 948
1008 1123 
1123 1124 
1124 1125 949
1124 1126 950
1124 1127 951
1124 1128 952
1124 1129 953
1124 1130 954
1124 1131 955
1124 1132 956
1123 1133 
1133 1134 957
1133 1135 958
1133 1136 959
1133 1137 960
1133 1138 961
1133 1139 962
1133 1140 963
1133 1141 964
1123 1142 
1142 1143 965
1142 1144 966
1142 1145 967
1123 1146 
1146 1147 968
1146 1148 969
1146 1149 970
1146 1150 971
1146 1151 972
1146 1152 973
1146 1153 974
1146 1154 975
1146 1155 976
1146 1156 977
1146 1157 978
1146 1158 979
1123 1159 
1159 1160 980
1159 1161 981
1159 1162 982
1159 1163 983
1123 1164 
1164 1165 984
1164 1166 985
1164 1167 986
1164 1168 987
1164 1169 988
1164 1170 989
1164 1171 990
1123 1172 
1172 1173 991
1172 1174 992
1172 1175 993
0 1176 
1176 1177 
1177 1178 
1178 1179 
1179 1180 994
1179 1181 995
1179 1182 996
1179 1183 997
1179 1184 998
1179 1185 999
1179 1186 1000
1179 1187 1001
1179 1188 1002
1179 1189 1003
1178 1190 
1190 1191 1004
1190 1192 1005
1190 1193 1006
1190 1194 1007
1190 1195 1008
1190 1196 1009
1190 1197 1010
1190 1198 1011
1190 1199 1012
1190 1200 1013
1190 1201 1014
1190 1202 1015
1190 1203 1016
1190 1204 1017
1190 1205 1018
1190 1206 1019
1190 1207 1020
1190 1208 1021
1190 1209 1022
1190 1210 1023
1190 1211 1024
1190 1212 1025
1178 1213 
1213 1214 1026
1213 1215 1027
1213 1216 1028
1213 1217 1029
1213 1218 1030
1213 1219 1031
1213 1220 1032
1178 1221 
1221 1222 1033
1221 1223 1034
1221 1224 1035
1221 1225 1036
1221 1226 1037
1221 1227 1038
1221 1228 1039
1221 1229 1040
1221 1230 1041
1221 1231 1042
1221 1232 1043
1221 1233 1044
1221 1234 1045
1178 1235 
1235 1236 1046
1235 1237 1047
1235 1238 1048
1235 1239 1049
1235 1240 1050
1235 1241 1051
1235 1242 1052
1235 1243 1053
1235 1244 1054
1235 1245 1055
1235 1246 1056
1235 1247 1057
1235 1248 1058
1235 1249 1059
1235 1250 1060
1235 1251 1061
1235 1252 1062
1178 1253 
1253 1254 1063
1253 1255 1064
1253 1256 1065
1253 1257 1066
1253 1258 1067
1253 1259 1068
1253 1260 1069
1253 1261 1070
1178 1262 
1262 1263 1071
1262 1264 1072
1262 1265 1073
1262 1266 1074
1262 1267 1075
1262 1268 1076
1262 1269 1077
1262 1270 1078
1262 1271 1079
1262 1272 1080
1178 1273 
1273 1274 1081
1273 1275 1082
1273 1276 1083
1273 1277 1084
1178 1278 
1278 1279 1085
1278 1280 1086
1278 1281 1087
1278 1282 1088
1278 1283 1089
1278 1284 1090
1278 1285 1091
1278 1286 1092
1278 1287 1093
1278 1288 1094
1278 1289 1095
1278 1290 1096
1278 1291 1097
1278 1292 1098
1278 1293 1099
1278 1294 1100
1278 1295 1101
1278 1296 1102
1278 1297 1103
1278 1298 1104
1278 1299 1105
1278 1300 1106
1278 1301 1107
1278 1302 1108
1278 1303 1109
1278 1304 1110
1278 1305 1111
1278 1306 1112
1278 1307 1113
1278 1308 1114
1278 1309 1115
1278 1310 1116
1278 1311 1117
1278 1312 1118
1278 1313 1119
1278 1314 1120
1278 1315 1121
1278 1316 1122
1278 1317 1123
1278 1318 1124
1278 1319 1125
1278 1320 1126
1278 1321 1127
1278 1322 1128
1278 1323 1129
1278 1324 1130
1177 1325 
1325 1326 
1326 1327 1131
1326 1328 1132
1326 1329 1133
1326 1330 1134
1325 1331 
1331 1332 1135
1331 1333 1136
1331 1334 1137
1331 1335 1138
1331 1336 1139
1331 1337 1140
1331 1338 1141
1331 1339 1142
1331 1340 1143
1331 1341 1144
1331 1342 1145
1331 1343 1146
1325 1344 
1344 1345 1147
1344 1346 1148
1344 1347 1149
1344 1348 1150
1344 1349 1151
1344 1350 1152
1344 1351 1153
1177 1352 
1352 1353 
1353 1354 1154
1353 1355 1155
1353 1356 1156
1353 1357 1157
1353 1358 1158
1353 1359 1159
1353 1360 1160
1353 1361 1161
1353 1362 1162
1353 1363 1163
1353 1364 1164
1352 1365 
1365 1366 1165
1365 1367 1166
1365 1368 1167
1365 1369 1168
1365 1370 1169
1365 1371 1170
1365 1372 1171
1365 1373 1172
1365 1374 1173
1365 1375 1174
1365 1376 1175
1352 1377 
1377 1378 1176
1377 1379 1177
1377 1380 1178
1377 1381 1179
1377 1382 1180
1377 1383 1181
1377 1384 1182
1352 1385 
1385 1386 1183
1352 1387 
1387 1388 1184
1387 1389 1185
1387 1390 1186
1387 1391 1187
1387 1392 1188
1387 1393 1189
1352 1394 
1394 1395 1190
1394 1396 1191
1394 1397 1192
1394 1398 1193
1394 1399 1194
1394 1400 1195
1177 1401 
1401 1402 
1402 1403 1196
1402 1404 1197
1402 1405 1198
1402 1406 1199
1402 1407 1200
1401 1408 
1408 1409 1201
1408 1410 1202
1408 1411 1203
1408 1412 1204
1408 1413 1205
1408 1414 1206
1408 1415 1207
1408 1416 1208
1408 1417 1209
1401 1418 
1418 1419 1210
1401 1420 
1420 1421 1211
1420 1422 1212
1420 1423 1213
1420 1424 1214
1420 1425 1215
1420 1426 1216
1420 1427 1217
1420 1428 1218
1420 1429 1219
1420 1430 1220
1420 1431 1221
1420 1432 1222
1420 1433 1223
1420 1434 1224
1420 1435 1225
1420 1436 1226
1420 1437 1227
1420 1438 1228
1177 1439 
1439 1440 
1440 1441 1229
1440 1442 1230
1440 1443 1231
1440 1444 1232
1440 1445 1233
1440 1446 1234
1439 1447 
1447 1448 1235
1447 1449 1236
1447 1450 1237
1447 1451 1238
1447 1452 1239
1447 1453 1240
1447 1454 1241
1447 1455 1242
1447 1456 1243
1447 1457 1244
1447 1458 1245
1447 1459 1246
1447 1460 1247
1447 1461 1248
1447 1462 1249
1447 1463 1250
1439 1464 
1464 1465 1251
1464 1466 1252
1464 1467 1253
1464 1468 1254
1464 1469 1255
1464 1470 1256
1464 1471 1257
1464 1472 1258
1464 1473 1259
1464 1474 1260
1464 1475 1261
1464 1476 1262
1464 1477 1263
1464 1478 1264
1464 1479 1265
1439 1480 
1480 1481 1266
1480 1482 1267
1480 1483 1268
1480 1484 1269
1480 1485 1270
1480 1486 1271
1439 1487 
1487 1488 1272
1176 1489 
1489 1490 
1490 1491 
1491 1492 1273
1491 1493 1274
1491 1494 1275
1491 1495 1276
1491 1496 1277
1490 1497 
1497 1498 1278
1490 1499 
1499 1500 1279
1490 1501 
1501 1502 1280
1501 1503 1281
1501 1504 1282
1501 1505 1283
1489 1506 
1506 1507 
1507 1508 1284
1507 1509 1285
1507 1510 1286
1489 1511 
1511 1512 
1512 1513 1287
1512 1514 1288
1512 1515 1289
1512 1516 1290
1512 1517 1291
1512 1518 1292
1512 1519 1293
1512 1520 1294
1512 1521 1295
1512 1522 1296
1512 1523 1297
1512 1524 1298
1512 1525 1299
1512 1526 1300
1512 1527 1301
1489 1528 
1528 1529 
1529 1530 1302
1529 1531 1303
1529 1532 1304
1489 1533 
1533 1534 
1534 1535 1305
1534 1536 1306
1534 1537 1307
1533 1538 
1538 1539 1308
1538 1540 1309
1533 1541 
1541 1542 1310
1541 1543 1311
1541 1544 1312
1533 1545 
1545 1546 1313
1545 1547 1314
1533 1548 
1548 1549 1315
1548 1550 1316
1548 1551 1317
1548 1552 1318
1548 1553 1319
1548 1554 1320
1548 1555 1321
1548 1556 1322
1548 1557 1323
1548 1558 1324
1548 1559 1325
1548 1560 1326
1548 1561 1327
1548 1562 1328
1548 1563 1329
1548 1564 1330
1533 1565 
1565 1566 1331
1533 1567 
1567 1568 1332
1567 1569 1333
1567 1570 1334
1567 1571 1335
1567 1572 1336
1567 1573 1337
1567 1574 1338
1567 1575 1339
1176 1576 
1576 1577 
1577 1578 
1578 1579 1340
1578 1580 1341
1578 1581 1342
1578 1582 1343
1578 1583 1344
1578 1584 1345
1577 1585 
1585 1586 1346
1585 1587 1347
1585 1588 1348
1585 1589 1349
1577 1590 
1590 1591 1350
1577 1592 
1592 1593 1351
1592 1594 1352
1592 1595 1353
1592 1596 1354
1592 1597 1355
1577 1598 
1598 1599 1356
1598 1600 1357
1598 1601 1358
1598 1602 1359
1598 1603 1360
1598 1604 1361
1598 1605 1362
1576 1606 
1606 1607 
1607 1608 1363
1607 1609 1364
1607 1610 1365
1607 1611 1366
1606 1612 
1612 1613 1367
1612 1614 1368
1612 1615 1369
1612 1616 1370
1606 1617 
1617 1618 1371
1617 1619 1372
1617 1620 1373
1606 1621 
1621 1622 1374
1621 1623 1375
1621 1624 1376
1576 1625 
1625 1626 
1626 1627 1377
1626 1628 1378
1626 1629 1379
1626 1630 1380
1626 1631 1381
1626 1632 1382
1626 1633 1383
1626 1634 1384
1626 1635 1385
1626 1636 1386
1625 1637 
1637 1638 1387
1637 1639 1388
1637 1640 1389
1637 1641 1390
1637 1642 1391
1637 1643 1392
1625 1644 
1644 1645 1393
1644 1646 1394
1644 1647 1395
1625 1648 
1648 1649 1396
1648 1650 1397
1648 1651 1398
1648 1652 1399
1648 1653 1400
1625 1654 
1654 1655 1401
1654 1656 1402
1654 1657 1403
1654 1658 1404
1654 1659 1405
1654 1660 1406
1654 1661 1407
1654 1662 1408
1576 1663 
1663 1664 
1664 1665 1409
1664 1666 1410
1663 1667 
1667 1668 1411
1667 1669 1412
1663 1670 
1670 1671 1413
1670 1672 1414
1670 1673 1415
1670 1674 1416
1670 1675 1417
1670 1676 1418
1670 1677 1419
1670 1678 1420
1663 1679 
1679 1680 1421
1679 1681 1422
1679 1682 1423
1576 1683 
1683 1684 
1684 1685 1424
1684 1686 1425
1684 1687 1426
1684 1688 1427
1684 1689 1428
1683 1690 
1690 1691 1429
1690 1692 1430
1690 1693 1431
1690 1694 1432
1683 1695 
1695 1696 1433
1695 1697 1434
1683 1698 
1698 1699 1435
1698 1700 1436
1698 1701 1437
1698 1702 1438
1698 1703 1439
1683 1704 
1704 1705 1440
1704 1706 1441
1704 1707 1442
1704 1708 1443
1704 1709 1444
1704 1710 1445
1704 1711 1446
1704 1712 1447
1704 1713 1448
1683 1714 
1714 1715 1449
1714 1716 1450
1714 1717 1451
1683 1718 
1718 1719 1452
1683 1720 
1720 1721 1453
1720 1722 1454
1720 1723 1455
1720 1724 1456
1720 1725 1457
1176 1726 
1726 1727 
1727 1728 
1728 1729 1458
1728 1730 1459
1728 1731 1460
1728 1732 1461
1727 1733 
1733 1734 1462
1733 1735 1463
1733 1736 1464
1733 1737 1465
1733 1738 1466
1733 1739 1467
1733 1740 1468
1733 1741 1469
1727 1742 
1742 1743 1470
1742 1744 1471
1742 1745 1472
1726 1746 
1746 1747 
1747 1748 1473
1747 1749 1474
1746 1750 
1750 1751 1475
1750 1752 1476
1750 1753 1477
1750 1754 1478
1750 1755 1479
1750 1756 1480
1750 1757 1481
1750 1758 1482
1746 1759 
1759 1760 1483
1759 1761 1484
1759 1762 1485
1759 1763 1486
1759 1764 1487
1759 1765 1488
1759 1766 1489
1759 1767 1490
1759 1768 1491
1759 1769 1492
1759 1770 1493
1759 1771 1494
1726 1772 
1772 1773 
1773 1774 1495
1773 1775 1496
1773 1776 1497
1773 1777 1498
1773 1778 1499
1773 1779 1500
1772 1780 
1780 1781 1501
1780 1782 1502
1780 1783 1503
1780 1784 1504
1780 1785 1505
1780 1786 1506
1780 1787 1507
1772 1788 
1788 1789 1508
1788 1790 1509
1788 1791 1510
1788 1792 1511
1788 1793 1512
1772 1794 
1794 1795 1513
1794 1796 1514
1794 1797 1515
1794 1798 1516
1772 1799 
1799 1800 1517
1799 1801 1518
1799 1802 1519
1799 1803 1520
1799 1804 1521
1799 1805 1522
1799 1806 1523
1799 1807 1524
1772 1808 
1808 1809 1525
1808 1810 1526
1808 1811 1527
1808 1812 1528
1772 1813 
1813 1814 1529
1772 1815 
1815 1816 1530
1815 1817 1531
1815 1818 1532
1815 1819 1533
1815 1820 1534
1815 1821 1535
1815 1822 1536
1815 1823 1537
1815 1824 1538
1815 1825 1539
1815 1826 1540
1815 1827 1541
1815 1828 1542
1815 1829 1543
1815 1830 1544
1815 1831 1545
1815 1832 1546
1815 1833 1547
1176 1834 
1834 1835 
1835 1836 
1836 1837 1548
1836 1838 1549
1836 1839 1550
1836 1840 1551
1835 1841 
1841 1842 1552
1841 1843 1553
1841 1844 1554
1841 1845 1555
1841 1846 1556
1841 1847 1557
1841 1848 1558
1835 1849 
1849 1850 1559
1849 1851 1560
1849 1852 1561
1849 1853 1562
1835 1854 
1854 1855 1563
1854 1856 1564
1854 1857 1565
1854 1858 1566
1854 1859 1567
1854 1860 1568
1854 1861 1569
1834 1862 
1862 1863 
1863 1864 1570
1863 1865 1571
1863 1866 1572
1863 1867 1573
1863 1868 1574
1863 1869 1575
1863 1870 1576
1863 1871 1577
1863 1872 1578
1863 1873 1579
1863 1874 1580
1863 1875 1581
1863 1876 1582
1863 1877 1583
1863 1878 1584
1863 1879 1585
1863 1880 1586
1863 1881 1587
1863 1882 1588
1863 1883 1589
1863 1884 1590
1863 1885 1591
1863 1886 1592
1863 1887 1593
1863 1888 1594
1862 1889 
1889 1890 1595
1889 1891 1596
1889 1892 1597
1889 1893 1598
0 1894 
1894 1895 
1895 1896 
1896 1897 
1897 1898 1599
1897 1899 1600
1897 1900 1601
1897 1901 1602
1897 1902 1603
1895 1903 
1903 1904 
1904 1905 1604
1895 1906 
1906 1907 
1907 1908 1605
1907 1909 1606
1907 1910 1607
1906 1911 
1911 1912 1608
1894 1913 
1913 1914 
1914 1915 
1915 1916 1609
1915 1917 1610
1915 1918 1611
1915 1919 1612
1915 1920 1613
1915 1921 1614
1915 1922 1615
1915 1923 1616
1915 1924 1617
1914 1925 
1925 1926 1618
1925 1927 1619
1925 1928 1620
1925 1929 1621
1914 1930 
1930 1931 1622
1930 1932 1623
1914 1933 
1933 1934 1624
1933 1935 1625
1933 1936 1626
1933 1937 1627
1913 1938 
1938 1939 
1939 1940 1628
1939 1941 1629
1939 1942 1630
1939 1943 1631
1939 1944 1632
1938 1945 
1945 1946 1633
1938 1947 
1947 1948 1634
1947 1949 1635
1938 1950 
1950 1951 1636
1950 1952 1637
1938 1953 
1953 1954 1638
1953 1955 1639
1953 1956 1640
1938 1957 
1957 1958 1641
1957 1959 1642
1957 1960 1643
1957 1961 1644
1938 1962 
1962 1963 1645
1962 1964 1646
1962 1965 1647
1894 1966 
1966 1967 
1967 1968 
1968 1969 1648
1968 1970 1649
1968 1971 1650
1968 1972 1651
1967 1973 
1973 1974 1652
1973 1975 1653
1973 1976 1654
1973 1977 1655
1967 1978 
1978 1979 1656
1966 1980 
1980 1981 
1981 1982 1657
1981 1983 1658
1981 1984 1659
1981 1985 1660
1981 1986 1661
1981 1987 1662
1981 1988 1663
1980 1989 
1989 1990 1664
1980 1991 
1991 1992 1665
1991 1993 1666
1991 1994 1667
1991 1995 1668
1991 1996 1669
1991 1997 1670
1894 1998 
1998 1999 
1999 2000 
2000 2001 1671
1999 2002 
2002 2003 1672
2002 2004 1673
2002 2005 1674
2002 2006 1675
1999 2007 
2007 2008 1676
2007 2009 1677
2007 2010 1678
1999 2011 
2011 2012 1679
2011 2013 1680
2011 2014 1681
2011 2015 1682
1999 2016 
2016 2017 1683
2016 2018 1684
2016 2019 1685
1999 2020 
2020 2021 1686
2020 2022 1687
0 2023 
2023 2024 
2024 2025 
2025 2026 
2026 2027 1688
2026 2028 1689
2026 2029 1690
2025 2030 
2030 2031 1691
2030 2032 1692
2030 2033 1693
2030 2034 1694
2030 2035 1695
2030 2036 1696
2030 2037 1697
2025 2038 
2038 2039 1698
2038 2040 1699
2038 2041 1700
2038 2042 1701
2038 2043 1702
2024 2044 
2044 2045 
2045 2046 1703
2045 2047 1704
2045 2048 1705
2024 2049 
2049 2050 
2050 2051 1706
2050 2052 1707
2049 2053 
2053 2054 1708
2053 2055 1709
2053 2056 1710
2053 2057 1711
2024 2058 
2058 2059 
2059 2060 1712
2059 2061 1713
2059 2062 1714
2059 2063 1715
2059 2064 1716
2059 2065 1717
2058 2066 
2066 2067 1718
2066 2068 1719
2066 2069 1720
2066 2070 1721
2066 2071 1722
2066 2072 1723
2066 2073 1724
2024 2074 
2074 2075 
2075 2076 1725
2075 2077 1726
2075 2078 1727
2074 2079 
2079 2080 1728
2079 2081 1729
2079 2082 1730
2079 2083 1731
2079 2084 1732
2079 2085 1733
2074 2086 
2086 2087 1734
2086 2088 1735
2086 2089 1736
2086 2090 1737
2024 2091 
2091 2092 
2092 2093 1738
2092 2094 1739
2092 2095 1740
2091 2096 
2096 2097 1741
2091 2098 
2098 2099 1742
2098 2100 1743
2098 2101 1744
2098 2102 1745
2098 2103 1746
2098 2104 1747
2091 2105 
2105 2106 1748
2105 2107 1749
2105 2108 1750
2105 2109 1751
2105 2110 1752
2105 2111 1753
2105 2112 1754
2105 2113 1755
2105 2114 1756
2105 2115 1757
2105 2116 1758
2105 2117 1759
2091 2118 
2118 2119 1760
2118 2120 1761
2118 2121 1762
2091 2122 
2122 2123 1763
2122 2124 1764
2122 2125 1765
2122 2126 1766
2122 2127 1767
2023 2128 
2128 2129 
2129 2130 
2130 2131 1768
2130 2132 1769
2129 2133 
2133 2134 1770
2128 2135 
2135 2136 
2136 2137 1771
2136 2138 1772
2136 2139 1773
2136 2140 1774
2135 2141 
2141 2142 1775
2141 2143 1776
2141 2144 1777
2141 2145 1778
2135 2146 
2146 2147 1779
2146 2148 1780
2146 2149 1781
2146 2150 1782
2146 2151 1783
2146 2152 1784
2146 2153 1785
2128 2154 
2154 2155 
2155 2156 1786
2155 2157 1787
2155 2158 1788
2155 2159 1789
2128 2160 
2160 2161 
2161 2162 1790
2160 2163 
2163 2164 1791
2160 2165 
2165 2166 1792
2165 2167 1793
2165 2168 1794
2160 2169 
2169 2170 1795
2169 2171 1796
2169 2172 1797
2169 2173 1798
2169 2174 1799
2160 2175 
2175 2176 1800
2160 2177 
2177 2178 1801
2160 2179 
2179 2180 1802
2179 2181 1803
2179 2182 1804
2179 2183 1805
2179 2184 1806
2179 2185 1807
2023 2186 
2186 2187 
2187 2188 
2188 2189 1808
2188 2190 1809
2188 2191 1810
2188 2192 1811
2188 2193 1812
2188 2194 1813
2188 2195 1814
2188 2196 1815
2187 2197 
2197 2198 1816
2197 2199 1817
2197 2200 1818
2197 2201 1819
2197 2202 1820
2186 2203 
2203 2204 
2204 2205 1821
2204 2206 1822
2203 2207 
2207 2208 1823
2207 2209 1824
2207 2210 1825
2203 2211 
2211 2212 1826
2211 2213 1827
2211 2214 1828
2211 2215 1829
2211 2216 1830
2211 2217 1831
2211 2218 1832
2023 2219 
2219 2220 
2220 2221 
2221 2222 1833
2220 2223 
2223 2224 1834
2220 2225 
2225 2226 1835
2225 2227 1836
2225 2228 1837
2225 2229 1838
2225 2230 1839
2225 2231 1840
2225 2232 1841
2225 2233 1842
2225 2234 1843
2225 2235 1844
2220 2236 
2236 2237 1845
2236 2238 1846
2236 2239 1847
2236 2240 1848
2236 2241 1849
2236 2242 1850
2236 2243 1851
2236 2244 1852
2236 2245 1853
0 2246 
2246 2247 
2247 2248 
2248 2249 
2249 2250 1854
2249 2251 1855
2249 2252 1856
2249 2253 1857
2249 2254 1858
2248 2255 
2255 2256 1859
2255 2257 1860
2255 2258 1861
2255 2259 1862
2248 2260 
2260 2261 1863
2260 2262 1864
2260 2263 1865
2260 2264 1866
2260 2265 1867
2260 2266 1868
2260 2267 1869
2260 2268 1870
2260 2269 1871
2260 2270 1872
2260 2271 1873
2260 2272 1874
2260 2273 1875
2248 2274 
2274 2275 1876
2274 2276 1877
2274 2277 1878
2274 2278 1879
2247 2279 
2279 2280 
2280 2281 1880
2280 2282 1881
2280 2283 1882
2280 2284 1883
2280 2285 1884
2280 2286 1885
2280 2287 1886
2280 2288 1887
2280 2289 1888
2280 2290 1889
2280 2291 1890
2280 2292 1891
2279 2293 
2293 2294 1892
2293 2295 1893
2293 2296 1894
2293 2297 1895
2279 2298 
2298 2299 1896
2298 2300 1897
2279 2301 
2301 2302 1898
2301 2303 1899
2301 2304 1900
2247 2305 
2305 2306 
2306 2307 1901
2306 2308 1902
2306 2309 1903
2306 2310 1904
2246 2311 
2311 2312 
2312 2313 
2313 2314 1905
2313 2315 1906
2313 2316 1907
2313 2317 1908
2311 2318 
2318 2319 
2319 2320 1909
2318 2321 
2321 2322 1910
2318 2323 
2323 2324 1911
2246 2325 
2325 2326 
2326 2327 
2327 2328 1912
2325 2329 
2329 2330 
2330 2331 1913
2325 2332 
2332 2333 
2333 2334 1914
2325 2335 
2335 2336 
2336 2337 1915
2336 2338 1916
0 2339 
2339 2340 
2340 2341 
2341 2342 
2342 2343 1917
2342 2344 1918
2342 2345 1919
2342 2346 1920
2342 2347 1921
2341 2348 
2348 2349 1922
2348 2350 1923
2348 2351 1924
2348 2352 1925
2348 2353 1926
2348 2354 1927
2341 2355 
2355 2356 1928
2355 2357 1929
2341 2358 
2358 2359 1930
2358 2360 1931
2358 2361 1932
2358 2362 1933
2358 2363 1934
2341 2364 
2364 2365 1935
2364 2366 1936
2364 2367 1937
2364 2368 1938
2364 2369 1939
2364 2370 1940
2341 2371 
2371 2372 1941
2371 2373 1942
2371 2374 1943
2371 2375 1944
2371 2376 1945
2341 2377 
2377 2378 1946
2341 2379 
2379 2380 1947
2379 2381 1948
2379 2382 1949
2379 2383 1950
2379 2384 1951
2379 2385 1952
2340 2386 
2386 2387 
2387 2388 1953
2386 2389 
2389 2390 1954
2389 2391 1955
2389 2392 1956
2389 2393 1957
2389 2394 1958
2386 2395 
2395 2396 1959
2395 2397 1960
2395 2398 1961
2395 2399 1962
2395 2400 1963
2386 2401 
2401 2402 1964
2401 2403 1965
2401 2404 1966
2401 2405 1967
2401 2406 1968
2386 2407 
2407 2408 1969
2407 2409 1970
2407 2410 1971
2407 2411 1972
2407 2412 1973
2407 2413 1974
2407 2414 1975
2386 2415 
2415 2416 1976
2415 2417 1977
2415 2418 1978
2415 2419 1979
2415 2420 1980
2415 2421 1981
2415 2422 1982
2415 2423 1983
2415 2424 1984
2415 2425 1985
2415 2426 1986
2415 2427 1987
2415 2428 1988
2415 2429 1989
2415 2430 1990
2415 2431 1991
2415 2432 1992
2386 2433 
2433 2434 1993
2433 2435 1994
2433 2436 1995
2433 2437 1996
2386 2438 
2438 2439 1997
2438 2440 1998
2438 2441 1999
2438 2442 2000
2438 2443 2001
2438 2444 2002
2340 2445 
2445 2446 
2446 2447 2003
2446 2448 2004
2446 2449 2005
2446 2450 2006
2446 2451 2007
2445 2452 
2452 2453 2008
2452 2454 2009
2452 2455 2010
2452 2456 2011
2452 2457 2012
2452 2458 2013
2452 2459 2014
2452 2460 2015
2452 2461 2016
2445 2462 
2462 2463 2017
2462 2464 2018
2462 2465 2019
2462 2466 2020
2462 2467 2021
2339 2468 
2468 2469 
2469 2470 
2470 2471 2022
2470 2472 2023
2470 2473 2024
2470 2474 2025
2470 2475 2026
2470 2476 2027
2469 2477 
2477 2478 2028
2477 2479 2029
2477 2480 2030
2477 2481 2031
2477 2482 2032
2477 2483 2033
2469 2484 
2484 2485 2034
2484 2486 2035
2484 2487 2036
2484 2488 2037
2484 2489 2038
2484 2490 2039
2484 2491 2040
2469 2492 
2492 2493 2041
2492 2494 2042
2492 2495 2043
2492 2496 2044
2492 2497 2045
2492 2498 2046
2492 2499 2047
2469 2500 
2500 2501 2048
2500 2502 2049
2500 2503 2050
2500 2504 2051
2500 2505 2052
2468 2506 
2506 2507 
2507 2508 2053
2507 2509 2054
2507 2510 2055
2507 2511 2056
2507 2512 2057
2506 2513 
2513 2514 2058
2513 2515 2059
2513 2516 2060
2513 2517 2061
2513 2518 2062
2513 2519 2063
2513 2520 2064
2513 2521 2065
2506 2522 
2522 2523 2066
2522 2524 2067
2522 2525 2068
2522 2526 2069
2522 2527 2070
2522 2528 2071
2522 2529 2072
2522 2530 2073
2522 2531 2074
2522 2532 2075
2522 2533 2076
2522 2534 2077
2522 2535 2078
2522 2536 2079
2522 2537 2080
2522 2538 2081
2522 2539 2082
2522 2540 2083
2506 2541 
2541 2542 2084
2541 2543 2085
2541 2544 2086
2468 2545 
2545 2546 
2546 2547 2087
2546 2548 2088
2546 2549 2089
2546 2550 2090
2546 2551 2091
2546 2552 2092
2546 2553 2093
2546 2554 2094
2545 2555 
2555 2556 2095
2555 2557 2096
2555 2558 2097
2555 2559 2098
2555 2560 2099
2545 2561 
2561 2562 2100
2561 2563 2101
2561 2564 2102
2561 2565 2103
2561 2566 2104
2561 2567 2105
2561 2568 2106
2561 2569 2107
2561 2570 2108
2561 2571 2109
2561 2572 2110
2561 2573 2111
2561 2574 2112
2561 2575 2113
2561 2576 2114
2561 2577 2115
2561 2578 2116
2561 2579 2117
2561 2580 2118
2545 2581 
2581 2582 2119
2339 2583 
2583 2584 
2584 2585 
2585 2586 2120
2585 2587 2121
2585 2588 2122
2585 2589 2123
2585 2590 2124
2585 2591 2125
2585 2592 2126
2584 2593 
2593 2594 2127
2593 2595 2128
2593 2596 2129
2593 2597 2130
2593 2598 2131
2584 2599 
2599 2600 2132
2599 2601 2133
2599 2602 2134
2599 2603 2135
2599 2604 2136
2584 2605 
2605 2606 2137
2605 2607 2138
2605 2608 2139
2605 2609 2140
2605 2610 2141
2605 2611 2142
2605 2612 2143
2605 2613 2144
2605 2614 2145
2605 2615 2146
2605 2616 2147
2584 2617 
2617 2618 2148
2617 2619 2149
2617 2620 2150
2617 2621 2151
2617 2622 2152
2617 2623 2153
2617 2624 2154
2617 2625 2155
2617 2626 2156
2584 2627 
2627 2628 2157
2627 2629 2158
2627 2630 2159
2627 2631 2160
2627 2632 2161
2627 2633 2162
2627 2634 2163
2627 2635 2164
2627 2636 2165
2627 2637 2166
2627 2638 2167
2627 2639 2168
2584 2640 
2640 2641 2169
2640 2642 2170
2640 2643 2171
2640 2644 2172
2640 2645 2173
2640 2646 2174
2640 2647 2175
2640 2648 2176
2640 2649 2177
2584 2650 
2650 2651 2178
2650 2652 2179
2650 2653 2180
2650 2654 2181
2650 2655 2182
2650 2656 2183
2650 2657 2184
2650 2658 2185
2650 2659 2186
2650 2660 2187
2650 2661 2188
2584 2662 
2662 2663 2189
2662 2664 2190
2662 2665 2191
2662 2666 2192
2662 2667 2193
2662 2668 2194
2583 2669 
2669 2670 
2670 2671 2195
2670 2672 2196
2670 2673 2197
2670 2674 2198
2670 2675 2199
2670 2676 2200
2670 2677 2201
2670 2678 2202
2670 2679 2203
2670 2680 2204
2670 2681 2205
2670 2682 2206
2670 2683 2207
2670 2684 2208
2669 2685 
2685 2686 2209
2685 2687 2210
2685 2688 2211
2685 2689 2212
2685 2690 2213
2685 2691 2214
2685 2692 2215
2685 2693 2216
2685 2694 2217
2685 2695 2218
2685 2696 2219
2669 2697 
2697 2698 2220
2697 2699 2221
2697 2700 2222
2697 2701 2223
2697 2702 2224
2697 2703 2225
2339 2704 
2704 2705 
2705 2706 
2706 2707 2226
2706 2708 2227
2706 2709 2228
2706 2710 2229
2706 2711 2230
2706 2712 2231
2705 2713 
2713 2714 2232
2713 2715 2233
2713 2716 2234
2713 2717 2235
2713 2718 2236
2713 2719 2237
2713 2720 2238
2713 2721 2239
2713 2722 2240
2713 2723 2241
2713 2724 2242
2713 2725 2243
2713 2726 2244
2713 2727 2245
2713 2728 2246
2713 2729 2247
2713 2730 2248
2713 2731 2249
2713 2732 2250
2713 2733 2251
2713 2734 2252
2705 2735 
2735 2736 2253
2735 2737 2254
2735 2738 2255
2735 2739 2256
2735 2740 2257
2735 2741 2258
2704 2742 
2742 2743 
2743 2744 2259
2743 2745 2260
2743 2746 2261
2743 2747 2262
2743 2748 2263
2743 2749 2264
2743 2750 2265
2743 2751 2266
2743 2752 2267
2743 2753 2268
2743 2754 2269
2743 2755 2270
2743 2756 2271
2743 2757 2272
2743 2758 2273
2743 2759 2274
2742 2760 
2760 2761 2275
2760 2762 2276
2760 2763 2277
2760 2764 2278
2760 2765 2279
2760 2766 2280
2760 2767 2281
2760 2768 2282
2760 2769 2283
2339 2770 
2770 2771 
2771 2772 
2772 2773 2284
2772 2774 2285
2772 2775 2286
2772 2776 2287
2772 2777 2288
2772 2778 2289
2772 2779 2290
2772 2780 2291
2772 2781 2292
2772 2782 2293
2771 2783 
2783 2784 2294
2783 2785 2295
2783 2786 2296
2783 2787 2297
2783 2788 2298
2771 2789 
2789 2790 2299
2789 2791 2300
2789 2792 2301
2771 2793 
2793 2794 2302
2793 2795 2303
2793 2796 2304
2771 2797 
2797 2798 2305
2797 2799 2306
2797 2800 2307
2797 2801 2308
2797 2802 2309
2797 2803 2310
2770 2804 
2804 2805 
2805 2806 2311
2805 2807 2312
2805 2808 2313
2805 2809 2314
2805 2810 2315
2805 2811 2316
2805 2812 2317
2804 2813 
2813 2814 2318
2813 2815 2319
2813 2816 2320
2813 2817 2321
2813 2818 2322
2813 2819 2323
2813 2820 2324
2813 2821 2325
2813 2822 2326
2813 2823 2327
2804 2824 
2824 2825 2328
2824 2826 2329
2824 2827 2330
2824 2828 2331
2824 2829 2332
2824 2830 2333
2824 2831 2334
2824 2832 2335
2824 2833 2336
2824 2834 2337
2770 2835 
2835 2836 
2836 2837 2338
2836 2838 2339
2836 2839 2340
2836 2840 2341
2836 2841 2342
2836 2842 2343
2836 2843 2344
2836 2844 2345
2836 2845 2346
2835 2846 
2846 2847 2347
2846 2848 2348
2835 2849 
2849 2850 2349
2849 2851 2350
2849 2852 2351
2849 2853 2352
2849 2854 2353
2849 2855 2354
2835 2856 
2856 2857 2355
2856 2858 2356
2856 2859 2357
2856 2860 2358
2835 2861 
2861 2862 2359
2861 2863 2360
2861 2864 2361
2861 2865 2362
2861 2866 2363
2861 2867 2364
2835 2868 
2868 2869 2365
2868 2870 2366
2868 2871 2367
2868 2872 2368
2868 2873 2369
2868 2874 2370
2835 2875 
2875 2876 2371
2875 2877 2372
2875 2878 2373
2875 2879 2374
2770 2880 
2880 2881 
2881 2882 2375
2881 2883 2376
2881 2884 2377
2881 2885 2378
2881 2886 2379
2880 2887 
2887 2888 2380
2887 2889 2381
2887 2890 2382
2887 2891 2383
2880 2892 
2892 2893 2384
2880 2894 
2894 2895 2385
2894 2896 2386
2894 2897 2387
2880 2898 
2898 2899 2388
2898 2900 2389
2898 2901 2390
2898 2902 2391
0 2903 
2903 2904 
2904 2905 
2905 2906 
2906 2907 2392
2906 2908 2393
2906 2909 2394
2906 2910 2395
2906 2911 2396
2906 2912 2397
2906 2913 2398
2906 2914 2399
2906 2915 2400
2905 2916 
2916 2917 2401
2916 2918 2402
2916 2919 2403
2916 2920 2404
2916 2921 2405
2916 2922 2406
2905 2923 
2923 2924 2407
2923 2925 2408
2923 2926 2409
2923 2927 2410
2923 2928 2411
2923 2929 2412
2905 2930 
2930 2931 2413
2930 2932 2414
2930 2933 2415
2930 2934 2416
2930 2935 2417
2930 2936 2418
2930 2937 2419
2930 2938 2420
2930 2939 2421
2904 2940 
2940 2941 
2941 2942 2422
2941 2943 2423
2941 2944 2424
2941 2945 2425
2941 2946 2426
2941 2947 2427
2941 2948 2428
2941 2949 2429
2941 2950 2430
2941 2951 2431
2941 2952 2432
2941 2953 2433
2941 2954 2434
2941 2955 2435
2941 2956 2436
2941 2957 2437
2941 2958 2438
2941 2959 2439
2941 2960 2440
2941 2961 2441
2941 2962 2442
2941 2963 2443
2941 2964 2444
2940 2965 
2965 2966 2445
2965 2967 2446
2965 2968 2447
2965 2969 2448
2965 2970 2449
2965 2971 2450
2965 2972 2451
2965 2973 2452
2904 2974 
2974 2975 
2975 2976 2453
2975 2977 2454
2975 2978 2455
2975 2979 2456
2975 2980 2457
2975 2981 2458
2975 2982 2459
2975 2983 2460
2975 2984 2461
2975 2985 2462
2975 2986 2463
2975 2987 2464
2975 2988 2465
2975 2989 2466
2975 2990 2467
2975 2991 2468
2975 2992 2469
2975 2993 2470
2975 2994 2471
2975 2995 2472
2975 2996 2473
2975 2997 2474
2975 2998 2475
2975 2999 2476
2975 3000 2477
2975 3001 2478
2975 3002 2479
2975 3003 2480
2975 3004 2481
2975 3005 2482
2975 3006 2483
2975 3007 2484
2975 3008 2485
2975 3009 2486
2975 3010 2487
2975 3011 2488
2975 3012 2489
2975 3013 2490
2975 3014 2491
2975 3015 2492
2974 3016 
3016 3017 2493
3016 3018 2494
3016 3019 2495
2904 3020 
3020 3021 
3021 3022 2496
3021 3023 2497
3021 3024 2498
3021 3025 2499
3021 3026 2500
3021 3027 2501
3020 3028 
3028 3029 2502
3028 3030 2503
3028 3031 2504
3028 3032 2505
3028 3033 2506
3028 3034 2507
3028 3035 2508
3028 3036 2509
3028 3037 2510
3028 3038 2511
3020 3039 
3039 3040 2512
3039 3041 2513
3039 3042 2514
3039 3043 2515
3039 3044 2516
3039 3045 2517
3039 3046 2518
3039 3047 2519
3039 3048 2520
2904 3049 
3049 3050 
3050 3051 2521
3050 3052 2522
3050 3053 2523
3050 3054 2524
3049 3055 
3055 3056 2525
3055 3057 2526
3055 3058 2527
3055 3059 2528
3055 3060 2529
3049 3061 
3061 3062 2530
3049 3063 
3063 3064 2531
3049 3065 
3065 3066 2532
3065 3067 2533
3065 3068 2534
3065 3069 2535
3049 3070 
3070 3071 2536
3070 3072 2537
3070 3073 2538
3070 3074 2539
3070 3075 2540
3070 3076 2541
3049 3077 
3077 3078 2542
3077 3079 2543
3077 3080 2544
3049 3081 
3081 3082 2545
3081 3083 2546
3081 3084 2547
3081 3085 2548
3081 3086 2549
2904 3087 
3087 3088 
3088 3089 2550
3088 3090 2551
3088 3091 2552
3088 3092 2553
3088 3093 2554
3088 3094 2555
3088 3095 2556
3088 3096 2557
3088 3097 2558
3088 3098 2559
3088 3099 2560
3088 3100 2561
3088 3101 2562
3088 3102 2563
3088 3103 2564
3088 3104 2565
3088 3105 2566
3088 3106 2567
3088 3107 2568
3088 3108 2569
3088 3109 2570
3088 3110 2571
3088 3111 2572
3088 3112 2573
3088 3113 2574
3088 3114 2575
3088 3115 2576
3088 3116 2577
3088 3117 2578
3088 3118 2579
3088 3119 2580
3088 3120 2581
2904 3121 
3121 3122 
3122 3123 2582
3122 3124 2583
3122 3125 2584
3122 3126 2585
3122 3127 2586
3122 3128 2587
3122 3129 2588
3122 3130 2589
3122 3131 2590
3122 3132 2591
3122 3133 2592
3122 3134 2593
3122 3135 2594
3122 3136 2595
3122 3137 2596
3121 3138 
3138 3139 2597
3138 3140 2598
3138 3141 2599
3138 3142 2600
3138 3143 2601
3138 3144 2602
3138 3145 2603
3138 3146 2604
3138 3147 2605
3138 3148 2606
3138 3149 2607
3138 3150 2608
3138 3151 2609
2904 3152 
3152 3153 
3153 3154 2610
3153 3155 2611
3153 3156 2612
3153 3157 2613
3153 3158 2614
3153 3159 2615
3153 3160 2616
3153 3161 2617
3153 3162 2618
3153 3163 2619
3153 3164 2620
3153 3165 2621
3153 3166 2622
3153 3167 2623
3153 3168 2624
3153 3169 2625
3153 3170 2626
3153 3171 2627
3153 3172 2628
3153 3173 2629
3153 3174 2630
3153 3175 2631
3153 3176 2632
3153 3177 2633
3153 3178 2634
3153 3179 2635
3153 3180 2636
3152 3181 
3181 3182 2637
3181 3183 2638
3181 3184 2639
3181 3185 2640
3181 3186 2641
3181 3187 2642
3181 3188 2643
3152 3189 
3189 3190 2644
3189 3191 2645
3189 3192 2646
3189 3193 2647
3189 3194 2648
3152 3195 
3195 3196 2649
3195 3197 2650
3195 3198 2651
3195 3199 2652
3195 3200 2653
2903 3201 
3201 3202 
3202 3203 
3203 3204 2654
3203 3205 2655
3203 3206 2656
3203 3207 2657
3203 3208 2658
3203 3209 2659
3203 3210 2660
3203 3211 2661
3203 3212 2662
3203 3213 2663
3203 3214 2664
3203 3215 2665
3203 3216 2666
3203 3217 2667
3203 3218 2668
3203 3219 2669
3203 3220 2670
3202 3221 
3221 3222 2671
3221 3223 2672
3221 3224 2673
3221 3225 2674
3221 3226 2675
3221 3227 2676
3221 3228 2677
3221 3229 2678
3202 3230 
3230 3231 2679
3230 3232 2680
3230 3233 2681
3230 3234 2682
3230 3235 2683
3230 3236 2684
3230 3237 2685
3202 3238 
3238 3239 2686
3238 3240 2687
3238 3241 2688
3238 3242 2689
3238 3243 2690
3238 3244 2691
3238 3245 2692
2903 3246 
3246 3247 
3247 3248 
3248 3249 2693
3248 3250 2694
3248 3251 2695
3248 3252 2696
3248 3253 2697
3248 3254 2698
3248 3255 2699
3247 3256 
3256 3257 2700
3256 3258 2701
3256 3259 2702
3256 3260 2703
3256 3261 2704
3256 3262 2705
3256 3263 2706
3256 3264 2707
3256 3265 2708
3256 3266 2709
3256 3267 2710
3256 3268 2711
3256 3269 2712
3246 3270 
3270 3271 
3271 3272 2713
3271 3273 2714
3270 3274 
3274 3275 2715
3274 3276 2716
3274 3277 2717
3274 3278 2718
3274 3279 2719
3274 3280 2720
3274 3281 2721
3246 3282 
3282 3283 
3283 3284 2722
3283 3285 2723
3283 3286 2724
3283 3287 2725
3282 3288 
3288 3289 2726
3288 3290 2727
3288 3291 2728
3288 3292 2729
3246 3293 
3293 3294 
3294 3295 2730
3294 3296 2731
3294 3297 2732
3294 3298 2733
3294 3299 2734
3294 3300 2735
3294 3301 2736
3294 3302 2737
3294 3303 2738
3294 3304 2739
3294 3305 2740
3294 3306 2741
3293 3307 
3307 3308 2742
3307 3309 2743
3307 3310 2744
3307 3311 2745
3307 3312 2746
3307 3313 2747
3307 3314 2748
3307 3315 2749
3307 3316 2750
3307 3317 2751
3293 3318 
3318 3319 2752
3318 3320 2753
3318 3321 2754
3318 3322 2755
3318 3323 2756
3318 3324 2757
3318 3325 2758
3318 3326 2759
3318 3327 2760
3318 3328 2761
3318 3329 2762
3318 3330 2763
3318 3331 2764
3318 3332 2765
3318 3333 2766
3318 3334 2767
3318 3335 2768
3318 3336 2769
3293 3337 
3337 3338 2770
3246 3339 
3339 3340 
3340 3341 2771
3340 3342 2772
3340 3343 2773
3340 3344 2774
3340 3345 2775
3340 3346 2776
3340 3347 2777
3340 3348 2778
0 3349 
3349 3350 
3350 3351 
3351 3352 
3352 3353 2779
3352 3354 2780
3351 3355 
3355 3356 2781
3355 3357 2782
3355 3358 2783
3355 3359 2784
3355 3360 2785
3355 3361 2786
3355 3362 2787
3355 3363 2788
3355 3364 2789
3350 3365 
3365 3366 
3366 3367 2790
3366 3368 2791
3366 3369 2792
3365 3370 
3370 3371 2793
3370 3372 2794
3365 3373 
3373 3374 2795
3365 3375 
3375 3376 2796
3375 3377 2797
3375 3378 2798
3375 3379 2799
3375 3380 2800
3349 3381 
3381 3382 
3382 3383 
3383 3384 2801
3382 3385 
3385 3386 2802
3382 3387 
3387 3388 2803
3382 3389 
3389 3390 2804
3389 3391 2805
3389 3392 2806
3389 3393 2807
3382 3394 
3394 3395 2808
3394 3396 2809
3394 3397 2810
3382 3398 
3398 3399 2811
3349 3400 
3400 3401 
3401 3402 
3402 3403 2812
3402 3404 2813
3402 3405 2814
3401 3406 
3406 3407 2815
3406 3408 2816
3406 3409 2817
3406 3410 2818
3406 3411 2819
3406 3412 2820
3406 3413 2821
3406 3414 2822
3401 3415 
3415 3416 2823
3400 3417 
3417 3418 
3418 3419 2824
3418 3420 2825
3417 3421 
3421 3422 2826
3421 3423 2827
3421 3424 2828
3421 3425 2829
3421 3426 2830
3421 3427 2831
3421 3428 2832
3421 3429 2833
3421 3430 2834
3421 3431 2835
3421 3432 2836
3421 3433 2837
3421 3434 2838
3421 3435 2839
3421 3436 2840
3421 3437 2841
3421 3438 2842
3421 3439 2843
3421 3440 2844
3421 3441 2845
3421 3442 2846
3421 3443 2847
3400 3444 
3444 3445 
3445 3446 2848
3444 3447 
3447 3448 2849
3447 3449 2850
3444 3450 
3450 3451 2851
3450 3452 2852
3450 3453 2853
3450 3454 2854
3450 3455 2855
3450 3456 2856
3450 3457 2857
3450 3458 2858
3450 3459 2859
3450 3460 2860
3444 3461 
3461 3462 2861
3349 3463 
3463 3464 
3464 3465 
3465 3466 2862
3464 3467 
3467 3468 2863
3467 3469 2864
3467 3470 2865
3349 3471 
3471 3472 
3472 3473 
3473 3474 2866
3473 3475 2867
3473 3476 2868
3473 3477 2869
3473 3478 2870
3471 3479 
3479 3480 
3480 3481 2871
3349 3482 
3482 3483 
3483 3484 
3484 3485 2872
3484 3486 2873
3484 3487 2874
3484 3488 2875
3483 3489 
3489 3490 2876
3489 3491 2877
3489 3492 2878
3483 3493 
3493 3494 2879
3493 3495 2880
3493 3496 2881
3493 3497 2882
3482 3498 
3498 3499 
3499 3500 2883
3499 3501 2884
3499 3502 2885
3499 3503 2886
3499 3504 2887
3499 3505 2888
3499 3506 2889
3499 3507 2890
3498 3508 
3508 3509 2891
3508 3510 2892
3508 3511 2893
3498 3512 
3512 3513 2894
3512 3514 2895
3498 3515 
3515 3516 2896
3515 3517 2897
3515 3518 2898
3515 3519 2899
3515 3520 2900
3515 3521 2901
3515 3522 2902
3515 3523 2903
3515 3524 2904
0 3525 
3525 3526 
3526 3527 
3527 3528 
3528 3529 0
3525 3530 
3530 3531 
3531 3532 
3532 3533 1
3525 3534 
3534 3535 
3535 3536 
3536 3537 2
